0.04 1.29 0 0.44 1.36 1 2.7 1.5 0 0.34 2.62 0
0.65 0.03 0 0.7 5.6 1 1 0.43 1 2.25 4.91 0
0.22 0.2 0 0.03 0.16 0 0.49 0.42 1 0.63 0.48 0
0.34 0.24 1 1.67 3.9 1 0.23 0.22 1 0.7 0.75 0
0.16 0.32 1 0.8 0.31 1 0.22 1.6 0 0.16 0.42 1
1.08 0.72 1 0.49 0.64 1 0.73 4.8 0 1.1 0.63 1
0.86 0.87 1 1.24 0.32 1 0.4 0.3 0 1.1 4.45 0
0.36 0.32 0 0.47 2.24 0 0.92 2.72 0 0.41 0.43 0
0.13 0.13 1 0.44 1.69 1 0.12 0.1 1 0.37 0.13 1
0.44 0.26 1 0.91 1.46 0 0.67 0.45 0 1.01 0.47 1
0.91 0.36 1 0.56 1.46 0 0.82 0.62 0 0.96 0.79 1
0.18 0.61 0 0.65 0.34 0 1.8 1.2 0 1.5 1 1
0.11 0.55 0 2.41 2.4 0 1.36 2.73 1 0.57 1.62 0
0.34 0.43 1 0.47 0.1 1 0.48 6.55 0 0.78 2.1 0
0.48 0.42 1 0.51 0.65 0 0.27 0.15 1 1.13 0.94 0
0.24 0.51 0 0.6 5.5 1 0.55 0.47 0 0.72 2.63 0
1 1.77 1 0.6 3.41 1 0.24 0.17 1 0.27 0.26 0
0.33 1.82 1 0.33 0.31 1 0.49 0.58 0 0.46 0.91 1
1.17 2.04 0 0.31 2.4 1 0.17 0.32 1 0.19 1.65 1
0.32 0.51 1 0.56 0.54 1 1.31 1.13 0 0.11 1.34 1
0.42 0.78 1 1.29 3.31 1 0.22 0.36 1 0.51 0.55 0
0.17 0.16 1 0.64 0.54 1 1.02 0.02 0 0.28 2.26 1
0.22 0.16 0 0.26 1.62 0 1.04 0.98 1 0.13 1.01 1
0.14 0.17 1 1.2 4.5 0 0.08 0.13 0 1.24 11 1